9.904950253311359347e+02 3.070979374916354418e+08
9.914716474394190300e+02 3.104333765608448386e+08
9.924482695477020116e+02 3.199560593450999856e+08
9.934248916559848794e+02 3.346768646894755960e+08
9.944015137642676336e+02 3.533711717879592180e+08
9.953781358725506152e+02 3.743203613315038085e+08
9.963547579808334831e+02 3.901963454445492625e+08
9.973313800891164647e+02 4.138793436983320117e+08
9.983080021973994462e+02 4.264410101243181229e+08
9.992846243056825415e+02 4.356394483769470453e+08
1.000261246413965978e+03 4.424474610196716189e+08
1.001237868522248959e+03 4.472288910168704391e+08
1.002214490630531827e+03 4.503888699310174584e+08
1.003191112738814809e+03 4.522869129499770999e+08
1.004167734847097790e+03 4.532025199656807184e+08
1.005144356955380658e+03 4.533307600173577070e+08
1.006120979063663640e+03 4.527976204132830501e+08
1.007097601171946508e+03 4.516920254870774150e+08
1.008074223280229489e+03 4.500977049074492455e+08
1.009050845388512471e+03 4.481024779300805926e+08
1.010027467496795339e+03 4.457831409140349627e+08
1.011004089605078320e+03 4.431864797447020411e+08
1.011980711713361188e+03 4.403283366088958979e+08
1.012957333821644170e+03 4.372119677508954406e+08
1.013933955929927151e+03 4.338482855660480857e+08
1.014910578038210019e+03 4.302642015258510709e+08
1.015887200146493683e+03 4.264725524201058149e+08
1.016863822254776665e+03 4.194741345110695362e+08
1.017840444363059532e+03 4.110783769264178276e+08
1.018817066471342514e+03 4.031545009212614298e+08
1.019793688579625496e+03 4.002466744424608350e+08
1.020770310687908363e+03 3.973500421716272235e+08
1.021746932796191345e+03 3.925203410773167014e+08
1.022723554904474213e+03 3.877476555545305014e+08
1.023700177012757194e+03 3.827347572350438237e+08
1.024676799121039949e+03 3.772341563436518908e+08
1.025653421229323158e+03 3.711532028331502676e+08
1.026630043337605912e+03 3.646328795389998555e+08
1.027606665445888893e+03 3.580580134289166927e+08
1.028583287554171648e+03 3.519619139826438427e+08
1.029559909662454857e+03 3.468382182025272846e+08
1.030536531770737611e+03 3.429404272755532265e+08
1.031513153879020592e+03 3.401769017314342856e+08
1.032489775987304256e+03 3.381657148493530154e+08
1.033466398095587238e+03 3.364233816908444166e+08
1.034443020203869992e+03 3.345805680202474594e+08
1.035419642312153201e+03 3.325026786404600739e+08
1.036396264420435955e+03 3.302658107234812975e+08
1.037372886528718936e+03 3.280423027945858240e+08
1.038349508637001691e+03 3.262052508210368752e+08
1.039326130745284900e+03 3.246753114502673745e+08
1.040302752853567654e+03 3.234290347626674175e+08
1.041279374961850863e+03 3.224596314756377339e+08
1.042255997070133617e+03 3.217570516255949736e+08
1.043232619178416599e+03 3.213340996765757799e+08
1.044209241286699353e+03 3.212368154370554686e+08
1.045185863394982562e+03 3.215270419219433665e+08
1.046162485503265316e+03 3.222468569028685093e+08
1.047139107611549207e+03 3.233945923158565760e+08
1.048115729719831961e+03 3.249339213368569016e+08
1.049092351828114943e+03 3.268262063025181293e+08
1.050068973936397697e+03 3.290453272132939696e+08
1.051045596044680906e+03 3.315488754283382893e+08
1.052022218152963660e+03 3.342306243409461975e+08
1.052998840261246414e+03 3.369079581986554265e+08
1.053975462369529396e+03 3.393758442048138380e+08
1.054952084477812150e+03 3.415007452290394902e+08
1.055928706586095359e+03 3.432895363567053080e+08
1.056905328694378113e+03 3.443256678567210436e+08
1.057881950802661322e+03 3.448252572686921358e+08
1.058858572910944076e+03 3.455063143896758556e+08
1.059835195019227058e+03 3.466158416275136471e+08
1.060811817127509812e+03 3.494250169899800420e+08
1.061788439235793021e+03 3.530490230147516131e+08
1.062765061344075775e+03 3.572028889938480854e+08
1.063741683452358757e+03 3.618251547998282313e+08
1.064718305560642420e+03 3.678048953312889934e+08
1.065694927668925402e+03 3.743111123602463007e+08
1.066671549777208156e+03 3.815183888130137920e+08
1.067648171885491365e+03 3.895470421547963023e+08
1.068624793993774119e+03 3.974854931788244247e+08
1.069601416102057101e+03 4.050217032809923887e+08
1.070578038210339855e+03 4.129006575881597400e+08
1.071554660318623064e+03 4.208873205964716077e+08
1.072531282426905818e+03 4.287696835101233721e+08
1.073507904535189027e+03 4.362709862624612451e+08
1.074484526643471781e+03 4.429348420726949573e+08
1.075461148751754763e+03 4.480858890266066790e+08
1.076437770860037517e+03 4.509501097501122952e+08
1.077414392968320726e+03 4.509252813248201013e+08
1.078391015076603480e+03 4.478630461483253837e+08
1.079367637184887371e+03 4.421977617603855729e+08
1.080344259293170126e+03 4.348488178605308533e+08
1.081320881401453107e+03 4.269632424692922235e+08
1.082297503509735861e+03 4.196427866657340527e+08
1.083274125618019070e+03 4.137671394142688513e+08
1.084250747726301825e+03 4.099360020163464546e+08
1.085227369834584806e+03 4.084471266129974127e+08
1.086203991942867560e+03 4.113589768968839049e+08
1.087180614051150769e+03 4.166453241861139536e+08
1.088157236159433523e+03 4.225514883511108756e+08
1.089133858267716732e+03 4.248237953984223604e+08
1.090110480375999487e+03 4.240016232706397772e+08
1.091087102484282468e+03 4.193706617539010048e+08
1.092063724592565222e+03 4.113094919834507704e+08
1.093040346700848431e+03 3.993552399756203294e+08
1.094016968809131185e+03 3.866776057090801597e+08
1.094993590917413940e+03 3.758334206610878110e+08
1.095970213025696921e+03 3.684002651614074111e+08
1.096946835133980585e+03 3.623840811433783770e+08
1.097923457242263567e+03 3.573797911694965959e+08
1.098900079350546321e+03 3.528976074243326783e+08
1.099876701458829530e+03 3.485789236540456414e+08
1.100853323567112284e+03 3.434935122541165352e+08
1.101829945675395265e+03 3.374045168180404305e+08
1.102806567783678020e+03 3.314909389550540447e+08
1.103783189891961229e+03 3.258400378128315806e+08
1.104759812000243983e+03 3.203694681544486880e+08
1.105736434108527192e+03 3.148961091896262765e+08
1.106713056216809946e+03 3.105794978565905094e+08
1.107689678325092927e+03 3.078974583071411252e+08
1.108666300433375682e+03 3.053635986037063003e+08
1.109642922541658891e+03 3.031565667107796669e+08
1.110619544649941645e+03 3.014076913384443521e+08
1.111596166758225536e+03 3.001576105789148808e+08
1.112572788866508290e+03 2.993782494715663791e+08
1.113549410974791272e+03 2.990233228038499355e+08
1.114526033083074026e+03 2.990619322198131680e+08
1.115502655191357235e+03 2.994819834888632298e+08
1.116479277299639989e+03 3.002824190323125720e+08
1.117455899407922971e+03 3.014720122958163619e+08
1.118432521516205725e+03 3.030648808729789257e+08
1.119409143624488934e+03 3.050503570365329385e+08
1.120385765732771688e+03 3.073356336289749742e+08
1.121362387841054897e+03 3.096972812792299390e+08
1.122339009949337651e+03 3.117972140806097388e+08
1.123315632057620633e+03 3.132943864137879610e+08
1.124292254165903387e+03 3.140138967512828708e+08
1.125268876274186596e+03 3.140744090912945867e+08
1.126245498382469350e+03 3.138813626985607743e+08
1.127222120490752332e+03 3.139696775481314659e+08
1.128198742599035768e+03 3.142640779565172195e+08
1.129175364707318977e+03 3.151132749039195180e+08
1.130151986815601731e+03 3.164858525957188010e+08
1.131128608923884940e+03 3.178858286370761395e+08
1.132105231032167694e+03 3.187106200951691866e+08
1.133081853140450676e+03 3.184698685552622676e+08
1.134058475248733430e+03 3.169142261638472676e+08
1.135035097357016639e+03 3.140724880116536021e+08
1.136011719465299393e+03 3.101958991164152026e+08
1.136988341573582147e+03 3.056447824580410123e+08
1.137964963681865356e+03 3.007729047579461932e+08
1.138941585790148110e+03 2.958559043966580033e+08
1.139918207898431092e+03 2.910720160667213798e+08
1.140894830006713846e+03 2.865117433531228900e+08
1.141871452114997055e+03 2.821927657456448674e+08
1.142848074223279809e+03 2.780788181221706271e+08
1.143824696331563700e+03 2.741145874425148964e+08
1.144801318439846455e+03 2.701895019780382514e+08
1.145777940548129436e+03 2.664559759146717191e+08
1.146754562656412190e+03 2.630649749704472125e+08
1.147731184764695399e+03 2.601522799882239699e+08
1.148707806872978153e+03 2.576385855667215586e+08
1.149684428981261135e+03 2.556809180047639310e+08
1.150661051089543889e+03 2.543353765320367813e+08
1.151637673197827098e+03 2.536406578460142910e+08
1.152614295306109852e+03 2.536291996970181763e+08
1.153590917414393061e+03 2.543148276243328154e+08
1.154567539522675816e+03 2.556822534188745916e+08
1.155544161630958797e+03 2.576949243893178999e+08
1.156520783739241551e+03 2.603180084534568191e+08
1.157497405847524760e+03 2.635317372183989286e+08
1.158474027955807514e+03 2.673251027634850442e+08
1.159450650064090496e+03 2.716780338312315941e+08
1.160427272172374160e+03 2.747077878534774780e+08
1.161403894280657141e+03 2.774270791563305855e+08
1.162380516388939895e+03 2.803653197193937898e+08
1.163357138497223104e+03 2.834553798503351212e+08
1.164333760605505859e+03 2.866240752370896935e+08
1.165310382713788840e+03 2.897903215188087225e+08
1.166287004822071594e+03 2.941873067035568953e+08
1.167263626930354803e+03 3.018929408731606007e+08
1.168240249038637558e+03 3.093505290405392647e+08
1.169216871146920766e+03 3.151386126055409312e+08
1.170193493255203521e+03 3.184904333539723158e+08
1.171170115363486502e+03 3.215303641928946376e+08
1.172146737471769256e+03 3.243160248272512555e+08
1.173123359580052465e+03 3.269352291260788441e+08
1.174099981688335220e+03 3.294774889775096178e+08
1.175076603796618656e+03 3.320028262597091198e+08
1.176053225904901865e+03 3.345306410240749121e+08
1.177029848013184619e+03 3.370580511653999090e+08
1.178006470121467601e+03 3.397715372634155750e+08
1.178983092229750582e+03 3.427031332753834128e+08
1.179959714338033564e+03 3.456735831640921235e+08
1.180936336446316318e+03 3.488003732890814543e+08
1.181912958554599300e+03 3.521926418183097243e+08
1.182889580662882054e+03 3.559425442491815686e+08
1.183866202771165263e+03 3.601261168644839525e+08
1.184842824879448017e+03 3.647975150507941842e+08
1.185819446987731226e+03 3.699770654059699178e+08
1.186796069096013980e+03 3.756489143784706593e+08
1.187772691204296962e+03 3.817718279337420464e+08
1.188749313312579716e+03 3.880017990645412207e+08
1.189725935420862925e+03 3.942933387478938103e+08
1.190702557529145679e+03 4.007329949713492393e+08
1.191679179637428660e+03 4.071683483326824903e+08
1.192655801745712324e+03 4.134151015894333124e+08
1.193632423853995306e+03 4.192906541005697250e+08
1.194609045962278060e+03 4.246436538041364551e+08
1.195585668070561269e+03 4.293648071372060776e+08
1.196562290178844023e+03 4.333763399667512178e+08
1.197538912287127005e+03 4.366139844669862390e+08
1.198515534395409759e+03 4.390188657473427057e+08
1.199492156503692968e+03 4.405418232048972249e+08
1.200468778611975722e+03 4.411506031832037568e+08
1.201445400720258931e+03 4.408325995428724885e+08
1.202422022828541685e+03 4.401824237306464314e+08
1.203398644936824667e+03 4.396881126069235206e+08
1.204375267045107421e+03 4.382393996656082869e+08
1.205351889153390630e+03 4.358113437253869176e+08
1.206328511261673384e+03 4.324112592180454135e+08
1.207305133369957275e+03 4.280855975109744668e+08
1.208281755478240029e+03 4.229303828214048743e+08
1.209258377586523011e+03 4.170935693301247954e+08
1.210234999694805765e+03 4.107631468874633312e+08
1.211211621803088974e+03 4.041325240987831354e+08
1.212188243911371728e+03 3.973665132516013980e+08
1.213164866019654710e+03 3.905899353083926439e+08
1.214141488127937464e+03 3.839037925176998377e+08
1.215118110236220673e+03 3.774087203176134825e+08
1.216094732344503427e+03 3.712077555124503970e+08
1.217071354452786636e+03 3.653929964977803230e+08
1.218047976561069390e+03 3.600286358069983721e+08
1.219024598669352144e+03 3.551506655768027306e+08
1.220001220777635126e+03 3.507751922334390879e+08
1.220977842885918108e+03 3.468956543065353632e+08
1.221954464994201089e+03 3.436994000015172362e+08
1.222931087102483843e+03 3.408955422907806635e+08
1.223907709210766825e+03 3.383240515321126580e+08
1.224884331319050489e+03 3.359139346029725075e+08
1.225860953427333470e+03 3.336266866611993313e+08
1.226837575535616224e+03 3.314559553511616588e+08
1.227814197643899433e+03 3.294101601298423409e+08
1.228790819752182188e+03 3.274953445870067477e+08
1.229767441860465169e+03 3.257118982240607142e+08
1.230744063968747923e+03 3.240638308432285786e+08
1.231720686077031132e+03 3.225683135313477516e+08
1.232697308185313886e+03 3.212557972400767803e+08
1.233673930293597095e+03 3.201626467503110170e+08
1.234650552401879850e+03 3.193254975623000264e+08
1.235627174510162831e+03 3.187826104788983464e+08
1.236603796618445585e+03 3.184353069636982083e+08
1.237580418726728794e+03 3.173884284454584718e+08
1.238557040835011549e+03 3.167365937745290995e+08
1.239533662943295440e+03 3.165409638920643926e+08
1.240510285051578194e+03 3.168506101967747808e+08
1.241486907159861175e+03 3.177045175108652711e+08
1.242463529268143930e+03 3.195048220322878957e+08
1.243440151376427139e+03 3.225364937694739103e+08
1.244416773484709893e+03 3.261092929914807677e+08
1.245393395592992874e+03 3.302350716300309300e+08
1.246370017701275628e+03 3.349229011020786762e+08
1.247346639809558837e+03 3.401670191402065754e+08
1.248323261917841592e+03 3.459293490803515911e+08
1.249299884026124801e+03 3.521275350855595469e+08
1.250276506134407555e+03 3.586349855269681215e+08
1.251253128242690536e+03 3.652922553819306493e+08
1.252229750350973291e+03 3.719210896471686959e+08
1.253206372459256499e+03 3.783316790376476645e+08
1.254182994567539254e+03 3.843259988581773639e+08
1.255159616675822235e+03 3.896973775235947371e+08
1.256136238784104989e+03 3.942408959528577924e+08
1.257112860892388881e+03 3.977714685135041475e+08
1.258089483000671635e+03 4.005589394618413448e+08
1.259066105108954616e+03 4.016051974093627930e+08
